build frame, cloudFrame, eskf_obs, fov segment, laser convert, laser ds, map update, optimize, poseEstimate, predict, processMeasurement, pub cloud, state init, 
1.66906,0.55883,0.034012,0.102095,12.1457,4.26959,2.63043,11.3548,2.74139,0.114756,0.843306,9.68175,0.000981,
2.64537,0.465302,0.021473,0.111989,19.2483,3.3393,2.02744,11.5155,13.5007,0.060632,0.172152,0.018153,0.001088,
2.38943,0.49159,0.017859,0.10851,18.9302,2.86141,2.14896,12.7326,13.7798,0.05782,0.152944,0.020266,0.000518,
2.76109,0.430516,0.017105,0.105538,16.7812,2.73288,1.84532,13.661,14.6877,0.046061,0.22095,0.03009,0.000515,
2.68541,0.503796,0.020131,0.341868,17.2799,3.44023,2.20946,14.0231,16.2188,0.058692,0.318554,0.049981,0.000529,
2.52982,0.850368,0.022119,0.199876,18.3347,3.40654,2.30163,15.7964,16.529,0.074614,0.143606,0.038306,0.000567,
3.73698,0.499754,0.021386,0.166643,18.7083,3.80802,2.89696,15.8857,18.8656,0.050648,0.252297,0.022099,0.001056,
2.67492,0.487279,0.031061,0.143193,18.0039,3.39701,2.10338,14.1119,18.1371,0.071659,0.223105,0.031847,0.000629,
2.72319,0.50446,0.02933,0.112187,17.8367,3.03894,2.06015,14.2377,16.288,0.086066,0.290699,0.022365,0.000472,
2.50508,0.487581,0.015867,0.111309,14.5992,3.60519,1.75591,18.4064,16.1086,0.055991,0.201792,0.01662,0.001145,
3.04238,0.50304,0.021276,0.205206,20.8211,3.49646,2.26068,14.4943,20.8756,0.074747,0.352733,0.032871,0.000621,
1.95525,0.576957,0.028387,0.179388,12.5031,3.84367,1.69053,16.9497,16.3683,0.044514,15.1326,0.023016,0.000206,
3.6058,0.872624,0.022097,0.173874,16.5052,2.8551,2.67086,18.5512,19.7996,0.077384,17.1253,0.024559,0.000572,
2.9844,0.455918,0.018847,0.152017,16.8075,3.49753,2.52142,17.6406,21.2282,0.046202,16.8037,0.033646,0.001247,
2.47974,0.741032,0.018755,0.130833,13.992,3.64663,2.31129,18.8466,20.0862,0.057627,18.0316,0.019946,0.000581,
2.66855,0.476014,0.022314,0.23159,17.1549,3.4956,2.57543,16.8238,21.6584,0.058732,19.691,0.02547,0.000499,
2.46198,0.535773,0.015697,0.110697,17.6524,2.91634,2.08273,17.2261,19.0257,0.070816,20.0205,0.026663,0.000424,
3.03558,0.506528,0.022377,0.13199,19.2102,3.24903,2.11074,15.724,19.4726,0.07277,23.6684,0.022207,0.000455,
2.41828,0.474699,0.019903,0.17041,19.532,3.40941,2.22349,8.6402,18.1231,0.067099,21.7511,0.021287,0.000654,
2.90814,0.578941,0.017982,0.112123,17.8357,2.86139,2.06592,8.85692,10.8211,0.073086,19.8608,0.021536,0.004533,
2.65511,0.638531,0.015225,0.098125,15.6901,3.09268,1.96252,8.88819,10.9208,0.046313,19.3331,0.016847,0.000366,
2.56272,0.43101,0.020846,0.199549,16.4576,3.10718,2.38467,10.235,11.4772,0.069932,24.7672,0.04043,0.00073,
2.6787,0.515789,0.01691,0.180226,17.3452,2.5932,2.29592,9.16557,12.7152,0.056351,18.8316,0.034126,0.001455,
2.58488,0.656881,0.016072,0.128431,13.6249,4.46496,1.8393,8.67225,11.1361,0.081593,24.3875,0.012857,0.000668,
2.80031,0.474192,0.015956,0.141124,20.5835,4.1698,1.91819,9.66951,10.7478,0.046287,24.7757,0.018365,0.000455,
2.53977,0.438188,0.016539,0.140257,16.0384,3.73549,2.20516,8.77263,12.0187,0.058211,23.2276,0.019406,0.000377,
2.5618,0.473834,0.015115,0.153713,12.0663,3.36768,1.95556,9.51356,10.8849,0.059318,25.0599,0.018269,0.001062,
2.62982,0.493094,0.01828,0.150917,11.3101,3.23291,2.4396,8.73776,12.1082,0.055741,22.146,0.02151,0.00057,
2.56296,0.483414,0.020778,0.243098,13.3582,3.01932,2.29764,9.88081,11.2842,0.053321,23.249,0.025334,0.000716,
2.4652,0.501301,0.020068,0.146918,15.1493,3.02826,2.33938,9.48947,12.3715,0.05713,21.2975,0.023153,0.000433,
2.26279,0.481682,0.017069,0.140123,18.3263,3.11606,2.20741,9.18082,11.8396,0.054251,14.3575,0.01975,0.000619,
2.57329,0.476607,0.016764,0.13821,19.2778,4.15343,2.11313,10.6259,11.436,0.069313,14.1107,0.022085,0.00036,
2.47994,0.484245,0.018555,0.133533,17.1748,2.74589,2.2306,9.25962,12.9948,0.054005,14.621,0.023503,0.000444,
2.80705,0.411443,0.017537,0.141131,17.582,2.82186,2.23413,9.50079,11.6401,0.046257,16.0774,0.027796,0.000558,
2.66175,0.61093,0.01601,0.117518,19.4615,2.64556,1.90597,9.09442,11.5276,0.055094,14.5193,0.016691,0.000463,
2.80969,0.513686,0.019707,0.150365,20.6229,3.13806,2.14215,10.0454,11.3907,0.07208,14.1264,0.020887,0.000521,
2.58394,0.493471,0.02611,0.180172,19.2277,3.14433,2.46543,9.63571,12.6961,0.057088,15.2973,0.043293,0.000548,
2.58694,0.448567,0.019081,0.193441,14.4944,3.28341,2.21382,9.39671,12.0465,0.046834,14.0021,0.022711,0.000444,
2.53878,0.703334,0.017487,0.189465,18.0477,3.05778,1.99553,9.44507,11.5862,0.060398,15.3112,0.027315,0.000551,
3.01725,0.435932,0.019158,0.144969,11.9828,2.93794,2.07948,10.2888,11.6729,0.049586,14.5119,0.023529,0.000507,
2.48189,0.553999,0.01872,0.157483,18.4384,4.3108,2.27023,9.37942,12.7203,0.047785,15.443,0.020917,0.000876,
2.55748,0.469426,0.0166,0.169802,13.5006,3.19558,2.05983,9.2656,11.6122,0.049709,14.6807,0.031015,0.00099,
2.84635,0.479031,0.015891,0.125381,19.6985,2.75359,1.75922,9.01857,11.1526,0.048163,14.6487,0.015787,0.000619,
2.50622,0.521663,0.020413,0.190174,20.1897,3.05362,2.13757,9.27636,11.3497,0.045903,16.1437,0.025269,0.000398,
2.43658,0.475122,0.015323,0.133486,20.2463,3.02053,2.13492,9.9249,11.5483,0.046129,15.037,0.017042,0.000528,
2.43368,0.404494,0.015099,0.141632,18.0144,3.17453,1.94297,9.0295,12.0128,0.062149,14.8628,0.018341,0.000538,
2.51631,0.531553,0.018271,0.153363,17.9225,3.54839,2.15966,9.18389,11.346,0.046827,14.8238,0.021337,0.000403,
2.38434,0.497529,0.017769,0.145429,11.3644,2.93402,2.33896,9.37243,11.6724,0.062346,15.9866,0.019661,0.000504,
2.59111,0.510126,0.018267,0.136239,18.1699,2.89616,2.20512,9.64137,11.719,0.084127,15.201,0.021772,0.000668,
2.95591,0.521505,0.015447,0.127613,20.0806,3.21812,2.07371,10.8177,11.8463,0.072661,14.6701,0.018864,0.000447,
3.15283,0.7058,0.019364,0.137363,18.9161,2.85302,2.28423,9.656,13.2431,0.073062,15.2948,0.021108,0.000485,
2.80029,0.490602,0.016197,0.122914,20.2229,4.82621,2.16516,9.30804,11.9611,0.056016,15.8993,0.020585,0.000599,
2.68604,0.446357,0.016925,0.168914,21.1392,2.98659,2.05007,9.54946,11.5306,0.051848,14.892,0.022751,0.000587,
2.59992,0.498522,0.01467,0.135236,19.1421,2.74807,2.22638,9.42225,11.9149,0.062466,14.6491,0.017144,0.000499,
2.39898,0.532024,0.017582,0.149493,18.5833,2.8951,2.07275,10.0723,11.6484,0.047545,14.5114,0.019521,0.00052,
2.34196,0.522,0.021354,0.287439,19.8432,3.36124,2.1749,9.77289,12.5392,0.046819,14.5564,0.035129,0.00043,
2.59172,0.531103,0.014643,0.112486,13.6728,3.02263,2.05028,9.47505,11.9386,0.059585,15.1237,0.016135,0.000601,
2.44107,0.57912,0.022658,0.22533,18.0367,2.97737,2.11637,11.0622,11.8218,0.063835,14.4102,0.03204,0.000473,
2.87613,0.559361,0.020413,0.145336,14.1944,2.86188,1.98655,9.49752,13.1986,0.054179,14.6532,0.017348,0.001133,
2.71943,0.4582,0.028836,0.130406,17.6347,2.6984,1.86653,9.66576,11.4984,0.065955,15.0738,0.026802,0.000458,
1.93224,0.489774,0.01859,0.175368,20.1711,2.65664,2.05139,9.64243,11.8955,0.055509,15.5194,0.030266,0.000463,
2.4382,0.479268,0.020468,0.275985,17.5472,3.20258,2.2978,9.40365,12.2201,0.057752,17.2149,0.025738,0.000549,
2.33197,0.526202,0.019135,0.205176,19.5485,2.80763,2.14492,9.56086,11.757,0.046592,15.3711,0.025411,0.00051,
2.53516,0.459382,0.019734,0.260759,18.6492,2.78997,2.29987,10.1796,12.1281,0.055154,14.8819,0.038034,0.000519,
2.54474,0.522437,0.018378,0.136751,18.9058,3.06785,2.40382,9.0629,12.7305,0.073314,15.1702,0.016111,0.000517,
2.24701,0.414583,0.019226,0.143412,18.8503,2.75236,2.04895,9.68547,11.259,0.055116,14.6079,0.020275,0.000688,
2.78904,0.389179,0.016267,0.197645,17.2981,2.94269,2.11786,9.53386,12.0052,0.056247,15.5347,0.032559,0.000447,
2.35503,0.537754,0.019551,0.158159,14.3779,2.81796,2.52387,9.91652,12.2198,0.073408,15.3338,0.021034,0.00058,
2.88487,0.472161,0.020014,0.173171,18.9679,3.05216,2.3517,10.4444,12.4446,0.060405,14.878,0.034003,0.000443,
2.37847,0.478135,0.017309,0.176087,18.5036,2.95926,2.08391,10.3794,12.7084,0.063291,16.8013,0.02024,0.000748,
2.17256,0.452851,0.017987,0.245084,14.2649,2.86226,2.33523,10.0293,12.9638,0.051337,14.8533,0.027242,0.000527,
2.75826,0.436778,0.023007,0.162662,18.8537,2.76639,2.41554,9.8222,12.6106,0.072642,14.4231,0.036361,0.000602,
2.36563,0.557622,0.023061,0.193306,14.0902,2.9635,2.1597,11.1547,12.1798,0.047436,15.2152,0.034616,0.00024,
2.97051,0.51504,0.027506,0.264874,20.4633,2.80577,2.98552,9.86522,14.4108,0.056209,14.6131,0.03739,0.001424,
2.33639,0.49223,0.017733,0.132723,13.6054,3.10843,2.13344,9.32999,12.1344,0.047667,15.3914,0.022291,0.000462,
2.61067,0.415945,0.019386,0.135678,22.1699,2.75328,2.07224,9.53938,11.5409,0.114193,15.9103,0.020551,0.002108,
2.40386,0.5497,0.018267,0.202327,17.2215,3.01561,2.13156,9.57352,11.8775,0.055254,14.1279,0.023503,0.000347,
2.61918,0.524512,0.01972,0.199947,20.8187,3.03776,2.42995,9.21468,12.2066,0.046306,15.4417,0.025865,0.000415,
2.41352,0.489776,0.017908,0.243887,18.5705,3.48759,2.33474,10.0756,11.7977,0.04783,15.2777,0.032091,0.000721,
2.29815,0.539854,0.01803,0.145701,16.3993,5.82615,2.32774,9.6024,12.5533,0.046299,16.0369,0.020592,0.000446,
2.45456,0.518585,0.014377,0.127822,13.9355,3.13813,2.17247,9.67102,11.9056,0.045855,15.6584,0.031969,0.000562,
2.58469,0.518412,0.015715,0.107573,19.334,3.72314,1.78603,10.1299,11.5671,0.08733,15.7144,0.017654,0.000804,
2.67653,0.426947,0.015653,0.134669,17.2235,2.89727,1.9906,9.69026,12.2584,0.05138,16.0842,0.019374,0.000544,
2.2579,0.575364,0.023286,0.180452,20.5614,3.39705,2.06046,9.99571,11.9474,0.06186,15.1184,0.024948,0.000536,
3.01963,0.516921,0.016507,0.11909,19.6931,3.24068,1.93776,10.5688,12.0553,0.057803,18.2823,0.017965,0.000472,
2.80832,0.474965,0.016997,0.137792,21.0319,3.34652,2.10051,9.69157,12.8104,0.072683,15.0474,0.018341,0.000462,
2.52287,0.544454,0.019796,0.160988,20.3971,2.83453,2.49391,11.0755,12.3512,0.048142,15.0295,0.022475,0.000784,
2.79172,0.51393,0.019824,0.153932,18.8301,4.05292,2.57753,10.2782,13.8128,0.067919,14.9391,0.022296,0.000497,
2.67794,0.516957,0.034147,0.247461,18.9739,3.51307,2.63785,9.79439,13.1679,0.075834,15.4489,0.037619,0.000782,
2.80934,0.452299,0.017988,0.133874,19.3194,2.85165,2.17254,12.1494,12.105,0.07362,14.8233,0.035301,0.000638,
2.78758,0.385293,0.024771,0.262558,17.812,2.81195,2.42764,9.40261,14.8443,0.066483,15.4764,0.027851,0.00089,
2.24658,0.555636,0.015101,0.128633,16.1606,2.89821,1.91089,9.88857,11.4445,0.061252,14.9642,0.01862,0.000601,
2.49389,0.904669,0.021244,0.239551,21.312,2.81381,2.54527,9.81124,12.6777,0.064018,14.9646,0.030322,0.000456,
2.95397,0.592358,0.019486,0.185414,19.5071,2.81783,2.42741,11.321,12.4281,0.046168,15.4796,0.036187,0.000479,
2.88803,0.471705,0.02472,0.213304,12.3475,5.46163,2.45548,9.97776,13.9931,0.046177,14.8244,0.022961,0.000487,
2.30666,0.568348,0.044543,0.222585,17.2502,2.95012,2.32882,11.5925,12.5345,0.05699,15.6472,0.018456,0.000445,
3.02559,0.471395,0.027959,0.222089,13.7033,3.47025,2.39337,11.8819,14.2119,0.068266,16.338,0.025076,0.00059,
2.69789,0.649967,0.024948,0.283839,18.8235,2.84772,2.73423,10.4024,14.906,0.056562,15.5998,0.04543,0.000455,
2.53123,0.498653,0.017373,0.137946,19.9814,3.1124,2.01974,9.63404,12.5641,0.054446,17.3455,0.046398,0.000348,
2.50301,0.485347,0.01768,0.11954,22.6567,3.10715,2.1056,9.76596,11.8618,0.051356,16.7813,0.019029,0.000332,
2.2251,0.503331,0.017438,0.127323,18.6308,3.1448,1.96799,10.2061,11.8646,0.045844,15.5667,0.022839,0.000322,
2.45491,0.547176,0.034807,0.266557,17.9512,2.85324,2.32923,9.86323,12.8067,0.049066,18.761,0.027521,0.000348,
2.64602,0.536549,0.01714,0.15445,16.8887,3.3305,2.00316,10.8681,12.0255,0.054489,14.2222,0.021065,0.000438,
2.76603,0.481647,0.018091,0.125874,20.8755,3.27386,2.15764,10.387,13.1547,0.046922,15.8906,0.018701,0.000501,
2.65988,0.664797,0.017619,0.166067,19.5638,2.69289,2.03134,10.6974,12.5873,0.04743,16.01,0.022551,0.000875,
2.81363,0.778366,0.016319,0.1332,17.9308,3.09539,2.0231,10.7211,12.8579,0.066069,17.4933,0.019335,0.000573,
3.07471,0.437551,0.016886,0.141953,18.5431,2.9079,2.03379,10.6868,12.8996,0.053159,15.4785,0.020013,0.000536,
2.51076,0.501634,0.020398,0.14702,20.4236,2.99298,2.22231,10.8213,13.0602,0.054651,18.1662,0.02402,0.000678,
2.87284,0.480778,0.016853,0.135331,20.583,3.27104,2.11243,10.1776,13.0731,0.048185,18.3189,0.020418,0.000562,
2.32688,0.487462,0.026762,0.296572,19.6685,3.33005,2.41798,10.2651,12.9098,0.05075,15.7626,0.029258,0.000449,
2.52668,0.493216,0.023809,0.271255,18.3663,3.21515,2.42109,10.8898,12.9624,0.052913,14.9529,0.042266,0.000523,
2.44084,0.510946,0.016876,0.177152,22.0097,3.1451,2.40535,10.2292,13.4765,0.048643,14.6776,0.024814,0.00061,
2.52316,0.47332,0.021081,0.197758,14.0771,3.31229,2.53911,10.3703,12.9703,0.108318,15.884,0.030374,0.00054,
2.38154,0.57366,0.018084,0.203755,20.3814,2.87267,2.16691,9.73154,12.7445,0.055548,15.4168,0.023711,0.000732,
2.87681,0.406564,0.016131,0.128959,19.4266,2.68243,1.91409,10.4941,11.7781,0.062725,16.4937,0.019664,0.000476,
2.95332,0.472318,0.015211,0.127895,19.0439,2.71583,1.84443,9.67897,12.4699,0.055213,15.8653,0.019021,0.000559,
2.78853,0.46751,0.021965,0.195653,20.3864,3.33564,2.24255,11.0435,12.1206,0.04565,16.5168,0.024388,0.000471,
2.39497,0.493992,0.022475,0.323563,19.1596,3.0825,2.40873,10.3773,13.7808,0.04676,16.5641,0.053354,0.000552,
2.4136,0.815119,0.019346,0.183304,18.2677,3.2003,2.28957,10.331,12.8551,0.047975,16.2617,0.025615,0.000695,
3.39545,0.447151,0.017351,0.160136,18.8669,3.20646,2.30663,10.1262,12.801,0.069171,16.5529,0.01991,0.001223,
2.22744,0.524868,0.021114,0.247013,15.8358,3.15011,2.15925,10.091,12.5376,0.056276,16.0382,0.029745,0.000517,
2.69055,0.480878,0.020558,0.2276,18.6419,2.58237,2.16331,10.0582,12.4851,0.049061,16.1888,0.046808,0.000407,
2.51247,0.471523,0.015743,0.117545,20.5507,2.87326,1.84836,11.4247,12.0273,0.054621,16.5627,0.018338,0.000549,
2.24397,0.501832,0.020874,0.214476,18.5065,2.89054,2.7303,9.85855,14.3743,0.067287,16.3679,0.021234,0.000461,
2.46393,1.05835,0.020883,0.207608,16.5484,2.7816,2.333,9.56305,12.404,0.066371,15.9146,0.026149,0.000735,
3.62678,0.543697,0.013954,0.108015,17.5618,3.02157,1.81047,9.77893,11.4841,0.057175,15.2227,0.034896,0.002179,
2.20476,0.430595,0.020773,0.203285,18.563,3.28417,2.31475,11.2166,12.3021,0.046492,16.0804,0.036428,0.000386,
2.63157,0.523749,0.022083,0.236989,18.7501,2.94197,2.39563,10.3702,13.8531,0.055172,15.4705,0.023874,0.000388,
2.44602,0.51469,0.016037,0.163945,18.054,2.95516,2.14598,9.98691,12.6902,0.066358,16.8548,0.016239,0.000566,
2.32497,0.523404,0.031505,0.149771,18.5863,3.09521,2.12317,10.3597,12.2752,0.061324,15.9392,0.021227,0.000565,
2.62385,0.551754,0.013757,0.11643,16.5413,2.69409,2.13514,10.3099,12.6148,0.077636,16.7772,0.020862,0.000452,
2.38432,0.517441,0.019206,0.186325,20.8958,3.3327,2.39633,9.83558,12.8973,0.046838,15.5575,0.02462,0.001254,
2.27424,0.527849,0.031493,0.199566,21.7903,3.41489,2.26371,9.95942,12.3027,0.057776,15.8186,0.042594,0.001422,
2.37368,0.377162,0.019778,0.166291,20.5927,3.05823,2.11439,10.106,12.2434,0.04509,15.1442,0.021675,0.000373,
2.17423,0.480086,0.017987,0.164812,13.4937,3.0313,2.20886,9.92011,12.483,0.055278,17.1838,0.022066,0.000479,
2.80819,0.498897,0.022162,0.177171,20.7088,2.92227,2.20509,9.43756,12.3064,0.072327,15.4203,0.022674,0.000555,
2.32917,,0.01741,0.177754,19.4028,3.25414,2.2587,,11.8782,0.069761,15.9114,0.026723,0.000564,
,,,,13.7239,3.076,,,,,15.1275,,,
,,,,20.152,2.81039,,,,,17.1859,,,
,,,,19.1455,2.688,,,,,15.9253,,,
,,,,17.971,2.73836,,,,,15.2431,,,
,,,,14.4989,4.22103,,,,,15.8039,,,
,,,,14.1264,2.97116,,,,,15.8918,,,
,,,,22.112,3.1541,,,,,15.3861,,,
,,,,20.3605,2.87956,,,,,15.2458,,,
,,,,19.3715,2.89974,,,,,15.3077,,,
,,,,18.1213,3.55651,,,,,15.8371,,,
,,,,20.5721,2.88304,,,,,14.8996,,,
,,,,20.0873,3.73394,,,,,,,,
